  -4.9800000000000004       0.51732494736045498        0.0000000000000000     
  -4.9699999999999998       0.48712936349963387        0.0000000000000000     
  -4.9600000000000000       0.45689776342536015        0.0000000000000000     
  -4.9500000000000002       0.42675103323500813        0.0000000000000000     
  -4.9400000000000004       0.39680971965956024        0.0000000000000000     
  -4.9299999999999997       0.36719354803738802        0.0000000000000000     
  -4.9199999999999999       0.33802094357250950        0.0000000000000000     
  -4.9100000000000001       0.30940855779164989        0.0000000000000000     
  -4.9000000000000004       0.28147080209364778        0.0000000000000000     
  -4.8899999999999997       0.25431939025638606        0.0000000000000000     
  -4.8799999999999999       0.22806289173061034        0.0000000000000000     
  -4.8700000000000001       0.20280629750686377        0.0000000000000000     
  -4.8600000000000003       0.17865060029149274        0.0000000000000000     
  -4.8499999999999996       0.15569239067045890        0.0000000000000000     
  -4.8399999999999999       0.13402347087576372        0.0000000000000000     
  -4.8300000000000001       0.11373048769890591        0.0000000000000000     
  -4.8200000000000003        9.4894586019227373E-002   0.0000000000000000     
  -4.8099999999999996        7.7591084332573404E-002   0.0000000000000000     
  -4.7999999999999998        6.1889173577719156E-002   0.0000000000000000     
  -4.7900000000000000        4.7851640464855870E-002   0.0000000000000000     
  -4.7800000000000002        3.5534616412453389E-002   0.0000000000000000     
  -4.7699999999999996        2.4987353096417281E-002   0.0000000000000000     
  -4.7599999999999998        1.6252025509044581E-002   0.0000000000000000     
  -4.7500000000000000        9.3635633152796514E-003   0.0000000000000000     
  -4.7400000000000002        4.3495111806205692E-003   0.0000000000000000     
  -4.7300000000000004        1.2299186291779625E-003   0.0000000000000000     
  -4.7199999999999998        1.7259872307381955E-005   0.0000000000000000     
  -4.7100000000000000        7.1638392839373473E-004   0.0000000000000000     
  -4.7000000000000002        3.3244952332421585E-003   0.0000000000000000     
  -4.6900000000000004        7.8311648186079243E-003   0.0000000000000000     
  -4.6799999999999997        1.4218372014166158E-002   0.0000000000000000     
  -4.6699999999999999        2.2460576506169071E-002   0.0000000000000000     
  -4.6600000000000001        3.2524820464652188E-002   0.0000000000000000     
  -4.6500000000000004        4.4370860330816796E-002   0.0000000000000000     
  -4.6399999999999997        5.7951327737614938E-002   0.0000000000000000     
  -4.6299999999999999        7.3211918920068966E-002   0.0000000000000000     
  -4.6200000000000001        9.0091611857937015E-002   0.0000000000000000     
  -4.6100000000000003       0.10852291028244304        0.0000000000000000     
  -4.5999999999999996       0.12843211357137016        0.0000000000000000     
  -4.5899999999999999       0.14973961145329620        0.0000000000000000     
  -4.5800000000000001       0.17236020234254809        0.0000000000000000     
  -4.5700000000000003       0.19620343403195870        0.0000000000000000     
  -4.5599999999999996       0.22117396538111037        0.0000000000000000     
  -4.5499999999999998       0.24717194755379340        0.0000000000000000     
  -4.5400000000000000       0.27409342328023889        0.0000000000000000     
  -4.5300000000000002       0.30183074254760772        0.0000000000000000     
  -4.5199999999999996       0.33027299305653007        0.0000000000000000     
  -4.5099999999999998       0.35930644372244114        0.0000000000000000     
  -4.5000000000000000       0.38881499944830017        0.0000000000000000     
  -4.4900000000000002       0.41868066535020743        0.0000000000000000     
  -4.4800000000000004       0.44878401857963657        0.0000000000000000     
  -4.4699999999999998       0.47900468585562161        0.0000000000000000     
  -4.4600000000000000       0.50922182479740596        0.0000000000000000     
  -4.4500000000000002       0.53931460713286639        0.0000000000000000     
  -4.4399999999999995       0.56916270185052009        0.0000000000000000     
  -4.4299999999999997       0.59864675636315312        0.0000000000000000     
  -4.4199999999999999       0.62764887375905498        0.0000000000000000     
  -4.4100000000000001       0.65605308423249320        0.0000000000000000     
  -4.4000000000000004       0.68374580880833247        0.0000000000000000     
  -4.3899999999999997       0.71061631350651822        0.0000000000000000     
  -4.3799999999999999       0.73655715213037309        0.0000000000000000     
  -4.3700000000000001       0.76146459590814319        0.0000000000000000     
  -4.3600000000000003       0.78523904826979973        0.0000000000000000     
  -4.3499999999999996       0.80778544310054345        0.0000000000000000     
  -4.3399999999999999       0.82901362487852781        0.0000000000000000     
  -4.3300000000000001       0.84883870917675586        0.0000000000000000     
  -4.3200000000000003       0.86718142208762639        0.0000000000000000     
  -4.3099999999999996       0.88396841721287978        0.0000000000000000     
  -4.2999999999999998       0.89913256895141203        0.0000000000000000     
  -4.2900000000000000       0.91261324091218887        0.0000000000000000     
  -4.2800000000000002       0.92435652837897631        0.0000000000000000     
  -4.2699999999999996       0.93431547385734015        0.0000000000000000     
  -4.2599999999999998       0.94245025484202494        0.0000000000000000     
  -4.2500000000000000       0.94872834305388509        0.0000000000000000     
  -4.2400000000000002       0.95312463450963625        0.0000000000000000     
  -4.2300000000000004       0.95562154990432313        0.0000000000000000     
  -4.2199999999999998       0.95620910490510191        0.0000000000000000     
  -4.2100000000000000       0.95488495007526186        0.0000000000000000     
  -4.2000000000000002       0.95165438026883997        0.0000000000000000     
  -4.1899999999999995       0.94653031345826411        0.0000000000000000     
  -4.1799999999999997       0.93953323907968334        0.0000000000000000     
  -4.1699999999999999       0.93069113610254006        0.0000000000000000     
  -4.1600000000000001       0.92003936115099128        0.0000000000000000     
  -4.1500000000000004       0.90762050712454756        0.0000000000000000     
  -4.1399999999999997       0.89348423288325707        0.0000000000000000     
  -4.1299999999999999       0.87768706467846769        0.0000000000000000     
  -4.1200000000000001       0.86029217012317871        0.0000000000000000     
  -4.1100000000000003       0.84136910560580058        0.0000000000000000     
  -4.0999999999999996       0.82099353815732934        0.0000000000000000     
  -4.0899999999999999       0.79924694288409681        0.0000000000000000     
  -4.0800000000000001       0.77621627717596398        0.0000000000000000     
  -4.0700000000000003       0.75199363299268651        0.0000000000000000     
  -4.0599999999999996       0.72667586861884814        0.0000000000000000     
  -4.0499999999999998       0.70036422135984733        0.0000000000000000     
  -4.0400000000000000       0.67316390272763915        0.0000000000000000     
  -4.0300000000000002       0.64518367773494956        0.0000000000000000     
  -4.0199999999999996       0.61653542998022248        0.0000000000000000     
  -4.0099999999999998       0.58733371426238279        0.0000000000000000     
  -4.0000000000000000       0.55769529851435851        0.0000000000000000     
  -3.9900000000000002       0.52773869688701625        0.0000000000000000     
  -3.9800000000000000       0.49758369585055418        0.0000000000000000     
  -3.9699999999999998       0.46735087520831287        0.0000000000000000     
  -3.9600000000000000       0.43716112593831186        0.0000000000000000     
  -3.9500000000000002       0.40713516679050149        0.0000000000000000     
  -3.9399999999999999       0.37739306157269858        0.0000000000000000     
  -3.9299999999999997       0.34805373905541664        0.0000000000000000     
  -3.9199999999999999       0.31923451741533226        0.0000000000000000     
  -3.9100000000000001       0.29105063511897994        0.0000000000000000     
  -3.8999999999999999       0.26361479012251510        0.0000000000000000     
  -3.8899999999999997       0.23703668923013105        0.0000000000000000     
  -3.8799999999999999       0.21142260941309679        0.0000000000000000     
  -3.8700000000000001       0.18687497284355389        0.0000000000000000     
  -3.8599999999999999       0.16349193734237102        0.0000000000000000     
  -3.8499999999999996       0.14136700387871842        0.0000000000000000     
  -3.8399999999999999       0.12058864269084109        0.0000000000000000     
  -3.8300000000000001       0.10123993952304865        0.0000000000000000     
  -3.8200000000000003        8.3398263393503216E-002   0.0000000000000000     
  -3.8100000000000001        6.7134957221290245E-002   0.0000000000000000     
  -3.7999999999999998        5.2515052549852302E-002   0.0000000000000000     
  -3.7900000000000000        3.9597009507511327E-002   0.0000000000000000     
  -3.7800000000000002        2.8432483044890842E-002   0.0000000000000000     
  -3.7700000000000000        1.9066116383976664E-002   0.0000000000000000     
  -3.7599999999999998        1.1535362504744601E-002   0.0000000000000000     
  -3.7500000000000000        5.8703343831705539E-003   0.0000000000000000     
  -3.7400000000000002        2.0936845794713951E-003   0.0000000000000000     
  -3.7300000000000000        2.2051465806311412E-004   0.0000000000000000     
  -3.7199999999999998        2.5831480143563194E-004   0.0000000000000000     
  -3.7100000000000000        2.2069338594083009E-003   0.0000000000000000     
  -3.7000000000000002        6.0585799535291199E-003   0.0000000000000000     
  -3.6899999999999999        1.1797851634200890E-002   0.0000000000000000     
  -3.6799999999999997        1.9401799465947323E-002   0.0000000000000000     
  -3.6699999999999999        2.8840017794560170E-002   0.0000000000000000     
  -3.6600000000000001        4.0074766329181090E-002   0.0000000000000000     
  -3.6499999999999999        5.3061121053152034E-002   0.0000000000000000     
  -3.6399999999999997        6.7747153860191936E-002   0.0000000000000000     
  -3.6299999999999999        8.4074140197594391E-002   0.0000000000000000     
  -3.6200000000000001       0.10197679388615065        0.0000000000000000     
  -3.6099999999999999       0.12138352817783071        0.0000000000000000     
  -3.5999999999999996       0.14221674200734050        0.0000000000000000     
  -3.5899999999999999       0.16439313029292993        0.0000000000000000     
  -3.5800000000000001       0.18782401704566282        0.0000000000000000     
  -3.5700000000000003       0.21241570995515510        0.0000000000000000     
  -3.5600000000000001       0.23806987503391142        0.0000000000000000     
  -3.5499999999999998       0.26468392982218264        0.0000000000000000     
  -3.5400000000000000       0.29215145358104766        0.0000000000000000     
  -3.5300000000000002       0.32036261283349571        0.0000000000000000     
  -3.5200000000000000       0.34920460055191127        0.0000000000000000     
  -3.5099999999999998       0.37856208723579682        0.0000000000000000     
  -3.5000000000000000       0.40831768207602426        0.0000000000000000     
  -3.4900000000000002       0.43835240236157402        0.0000000000000000     
  -3.4800000000000000       0.46854614925175858        0.0000000000000000     
  -3.4699999999999998       0.49877818801147583        0.0000000000000000     
  -3.4600000000000000       0.52892763078919425        0.0000000000000000     
  -3.4500000000000002       0.55887392000719849        0.0000000000000000     
  -3.4399999999999999       0.58849731043117981        0.0000000000000000     
  -3.4299999999999997       0.61767934799153656        0.0000000000000000     
  -3.4199999999999999       0.64630334344173701        0.0000000000000000     
  -3.4100000000000001       0.67425483895974292        0.0000000000000000     
  -3.3999999999999999       0.70142206582670830        0.0000000000000000     
  -3.3899999999999997       0.72769639135285258        0.0000000000000000     
  -3.3799999999999999       0.75297275326339708        0.0000000000000000     
  -3.3700000000000001       0.77715007980760087        0.0000000000000000     
  -3.3599999999999999       0.80013169391102235        0.0000000000000000     
  -3.3499999999999996       0.82182569975493169        0.0000000000000000     
  -3.3399999999999999       0.84214535023707626        0.0000000000000000     
  -3.3300000000000001       0.86100939384444475        0.0000000000000000     
  -3.3200000000000003       0.87834239955099813        0.0000000000000000     
  -3.3100000000000001       0.89407505844121482        0.0000000000000000     
  -3.2999999999999998       0.90814446085335321        0.0000000000000000     
  -3.2900000000000000       0.92049434793423257        0.0000000000000000     
  -3.2800000000000002       0.93107533659964448        0.0000000000000000     
  -3.2700000000000000       0.93984511700085516        0.0000000000000000     
  -3.2599999999999998       0.94676862170759502        0.0000000000000000     
  -3.2500000000000000       0.95181816593103052        0.0000000000000000     
  -3.2400000000000002       0.95497355822601204        0.0000000000000000     
  -3.2300000000000000       0.95622218122993596        0.0000000000000000     
  -3.2199999999999998       0.95555904211537446        0.0000000000000000     
  -3.2100000000000000       0.95298679255472929        0.0000000000000000     
  -3.2000000000000002       0.94851571811707702        0.0000000000000000     
  -3.1899999999999999       0.94216369713960491        0.0000000000000000     
  -3.1799999999999997       0.93395612923809646        0.0000000000000000     
  -3.1699999999999999       0.92392583374232984        0.0000000000000000     
  -3.1600000000000001       0.91211291846251041        0.0000000000000000     
  -3.1499999999999999       0.89856461931150100        0.0000000000000000     
  -3.1399999999999997       0.88333511142414045        0.0000000000000000     
  -3.1299999999999999       0.86648529252892859        0.0000000000000000     
  -3.1200000000000001       0.84808253943829726        0.0000000000000000     
  -3.1099999999999999       0.82820043863118276        0.0000000000000000     
  -3.0999999999999996       0.80691849200521104        0.0000000000000000     
  -3.0899999999999999       0.78432179897509524        0.0000000000000000     
  -3.0800000000000001       0.76050071618842496        0.0000000000000000     
  -3.0700000000000003       0.73555049621953439        0.0000000000000000     
  -3.0600000000000001       0.70957090668619016        0.0000000000000000     
  -3.0499999999999998       0.68266583131212366        0.0000000000000000     
  -3.0400000000000000       0.65494285453062839        0.0000000000000000     
  -3.0300000000000002       0.62651283129025104        0.0000000000000000     
  -3.0200000000000000       0.59748944378278324        0.0000000000000000     
  -3.0099999999999998       0.56798874686604739        0.0000000000000000     
  -3.0000000000000000       0.53812870399918344        0.0000000000000000     
  -2.9899999999999998       0.50802871554607409        0.0000000000000000     
  -2.9800000000000000       0.47780914133306568        0.0000000000000000     
  -2.9699999999999998       0.44759081937012013        0.0000000000000000     
  -2.9600000000000000       0.41749458265986827        0.0000000000000000     
  -2.9500000000000002       0.38764077602668678        0.0000000000000000     
  -2.9399999999999999       0.35814877489783725        0.0000000000000000     
  -2.9300000000000002       0.32913650796090077        0.0000000000000000     
  -2.9199999999999999       0.30071998560624308        0.0000000000000000     
  -2.9100000000000001       0.27301283604011106        0.0000000000000000     
  -2.8999999999999999       0.24612585092328990        0.0000000000000000     
  -2.8900000000000001       0.22016654235216099        0.0000000000000000     
  -2.8799999999999999       0.19523871295364437        0.0000000000000000     
  -2.8700000000000001       0.17144204081307479        0.0000000000000000     
  -2.8599999999999999       0.14887168089474495        0.0000000000000000     
  -2.8500000000000001       0.12761788454890313        0.0000000000000000     
  -2.8399999999999999       0.10776563862666974        0.0000000000000000     
  -2.8300000000000001        8.9394325645932263E-002   0.0000000000000000     
  -2.8199999999999998        7.2577406367101346E-002   0.0000000000000000     
  -2.8100000000000001        5.7382126048002940E-002   0.0000000000000000     
  -2.7999999999999998        4.3869245552493934E-002   0.0000000000000000     
  -2.7900000000000000        3.2092798388009582E-002   0.0000000000000000     
  -2.7799999999999998        2.2099874643567843E-002   0.0000000000000000     
  -2.7700000000000000        1.3930432692191005E-002   0.0000000000000000     
  -2.7599999999999998        7.6171394106836314E-003   0.0000000000000000     
  -2.7500000000000000        3.1852395556748116E-003   0.0000000000000000     
  -2.7399999999999998        6.5245481824643449E-004   0.0000000000000000     
  -2.7300000000000000        2.8912960794325177E-005   0.0000000000000000     
  -2.7199999999999998        1.3171073194803787E-003   0.0000000000000000     
  -2.7100000000000000        4.5118868342118763E-003   0.0000000000000000     
  -2.6999999999999997        9.6004766460147748E-003   0.0000000000000000     
  -2.6899999999999999        1.6562529179438949E-002   0.0000000000000000     
  -2.6800000000000002        2.5370205505733837E-002   0.0000000000000000     
  -2.6699999999999999        3.5988286661450285E-002   0.0000000000000000     
  -2.6600000000000001        4.8374314477342598E-002   0.0000000000000000     
  -2.6499999999999999        6.2478761354442851E-002   0.0000000000000000     
  -2.6400000000000001        7.8245228308429629E-002   0.0000000000000000     
  -2.6299999999999999        9.5610670490377511E-002   0.0000000000000000     
  -2.6200000000000001       0.11450564928210544        0.0000000000000000     
  -2.6099999999999999       0.13485460995807796        0.0000000000000000     
  -2.6000000000000001       0.15657618380358251        0.0000000000000000     
  -2.5899999999999999       0.17958351348111234        0.0000000000000000     
  -2.5800000000000001       0.20378460034392382        0.0000000000000000     
  -2.5699999999999998       0.22908267230797627        0.0000000000000000     
  -2.5600000000000001       0.25537657081125759        0.0000000000000000     
  -2.5499999999999998       0.28256115531317411        0.0000000000000000     
  -2.5400000000000000       0.31052772371654536        0.0000000000000000     
  -2.5299999999999998       0.33916444703107851        0.0000000000000000     
  -2.5200000000000000       0.36835681654024560        0.0000000000000000     
  -2.5099999999999998       0.39798810168349352        0.0000000000000000     
  -2.5000000000000000       0.42793981682286836        0.0000000000000000     
  -2.4899999999999998       0.45809219502760978        0.0000000000000000     
  -2.4800000000000000       0.48832466698220728        0.0000000000000000     
  -2.4699999999999998       0.51851634310292749        0.0000000000000000     
  -2.4600000000000000       0.54854649693498592        0.0000000000000000     
  -2.4499999999999997       0.57829504789742048        0.0000000000000000     
  -2.4399999999999999       0.60764304144533243        0.0000000000000000     
  -2.4300000000000002       0.63647312472948236        0.0000000000000000     
  -2.4199999999999999       0.66467001585123942        0.0000000000000000     
  -2.4100000000000001       0.69212096483648911        0.0000000000000000     
  -2.3999999999999999       0.71871620448521900        0.0000000000000000     
  -2.3900000000000001       0.74434938929398298        0.0000000000000000     
  -2.3799999999999999       0.76891802069614201        0.0000000000000000     
  -2.3700000000000001       0.79232385691948604        0.0000000000000000     
  -2.3599999999999999       0.81447330582235267        0.0000000000000000     
  -2.3500000000000001       0.83527779913742273        0.0000000000000000     
  -2.3399999999999999       0.85465414662671557        0.0000000000000000     
  -2.3300000000000001       0.87252486873163659        0.0000000000000000     
  -2.3199999999999998       0.88881850638792159        0.0000000000000000     
  -2.3100000000000001       0.90346990676662720        0.0000000000000000     
  -2.2999999999999998       0.91642048379859076        0.0000000000000000     
  -2.2900000000000000       0.92761845244060270        0.0000000000000000     
  -2.2799999999999998       0.93701903574654266        0.0000000000000000     
  -2.2700000000000000       0.94458464391547048        0.0000000000000000     
  -2.2599999999999998       0.95028502460071707        0.0000000000000000     
  -2.2500000000000000       0.95409738387894072        0.0000000000000000     
  -2.2399999999999998       0.95600647739543299        0.0000000000000000     
  -2.2300000000000000       0.95600467132121447        0.0000000000000000     
  -2.2199999999999998       0.95409197287817438        0.0000000000000000     
  -2.2100000000000000       0.95027603031019203        0.0000000000000000     
  -2.1999999999999997       0.94457210230035837        0.0000000000000000     
  -2.1899999999999999       0.93700299695658418        0.0000000000000000     
  -2.1800000000000002       0.92759898060957546        0.0000000000000000     
  -2.1699999999999999       0.91639765678786012        0.0000000000000000     
  -2.1600000000000001       0.90344381585380440        0.0000000000000000     
  -2.1499999999999999       0.88878925590187519        0.0000000000000000     
  -2.1400000000000001       0.87249257563531613        0.0000000000000000     
  -2.1299999999999999       0.85461894004945482        0.0000000000000000     
  -2.1200000000000001       0.83523981985859552        0.0000000000000000     
  -2.1099999999999999       0.81443270570844239        0.0000000000000000     
  -2.1000000000000001       0.79228079831682297        0.0000000000000000     
  -2.0899999999999999       0.76887267578173368        0.0000000000000000     
  -2.0800000000000001       0.74430193938703593        0.0000000000000000     
  -2.0699999999999998       0.71866683932210385        0.0000000000000000     
  -2.0600000000000001       0.69206988181204787        0.0000000000000000     
  -2.0499999999999998       0.66461741922946915        0.0000000000000000     
  -2.0400000000000000       0.63641922482675206        0.0000000000000000     
  -2.0299999999999998       0.60758805378939684        0.0000000000000000     
  -2.0200000000000000       0.57823919236559718        0.0000000000000000     
  -2.0099999999999998       0.54848999687493882        0.0000000000000000     
  -2.0000000000000000       0.51849398724910067        2.0000000000000000     
  -1.9899999999999998       0.48870267316414101        2.0000000000000000     
  -1.9800000000000000       0.45922410425623966        2.0000000000000000     
  -1.9699999999999998       0.43012901494230077        2.0000000000000000     
  -1.9600000000000000       0.40148721947225668        2.0000000000000000     
  -1.9499999999999997       0.37336744440837660        2.0000000000000000     
  -1.9399999999999999       0.34583716371450285        2.0000000000000000     
  -1.9299999999999997       0.31896243685092213        2.0000000000000000     
  -1.9199999999999999       0.29280775026336675        2.0000000000000000     
  -1.9100000000000001       0.26743586264649583        2.0000000000000000     
  -1.8999999999999999       0.24290765435314934        2.0000000000000000     
  -1.8900000000000001       0.21928198131072160        2.0000000000000000     
  -1.8799999999999999       0.19661553379518343        2.0000000000000000     
  -1.8700000000000001       0.17496270040162926        2.0000000000000000     
  -1.8599999999999999       0.15437543753775304        2.0000000000000000     
  -1.8500000000000001       0.13490314475340651        2.0000000000000000     
  -1.8399999999999999       0.11659254620538934        2.0000000000000000     
  -1.8300000000000001        9.9487578541898464E-002   2.0000000000000000     
  -1.8199999999999998        8.3629285475660134E-002   2.0000000000000000     
  -1.8100000000000001        6.9055719298718718E-002   2.0000000000000000     
  -1.7999999999999998        5.5801849575199097E-002   2.0000000000000000     
  -1.7900000000000000        4.3899479231136920E-002   2.0000000000000000     
  -1.7799999999999998        3.3377168242720044E-002   2.0000000000000000     
  -1.7700000000000000        2.4260165106053291E-002   2.0000000000000000     
  -1.7599999999999998        1.6570346252886066E-002   2.0000000000000000     
  -1.7500000000000000        1.0326163557675858E-002   2.0000000000000000     
  -1.7399999999999998        5.5426000619457289E-003   2.0000000000000000     
  -1.7300000000000000        2.2311340221758463E-003   2.0000000000000000     
  -1.7199999999999998        3.9971136749703565E-004   2.0000000000000000     
  -1.7100000000000000        5.2726633274564993E-005   2.0000000000000000     
  -1.6999999999999997        1.1910124163324680E-003   2.0000000000000000     
  -1.6899999999999999        3.8118373771207758E-003   2.0000000000000000     
  -1.6799999999999997        7.9089127936195110E-003   2.0000000000000000     
  -1.6699999999999999        1.3472407651253208E-002   2.0000000000000000     
  -1.6600000000000001        2.0488972232607431E-002   2.0000000000000000     
  -1.6499999999999999        2.8941770150343247E-002   2.0000000000000000     
  -1.6400000000000001        3.8810518746446088E-002   2.0000000000000000     
  -1.6299999999999999        5.0071537760870172E-002   2.0000000000000000     
  -1.6200000000000001        6.2697806152797075E-002   2.0000000000000000     
  -1.6099999999999999        7.6659026938164745E-002   2.0000000000000000     
  -1.6000000000000001        9.1921699887887953E-002   2.0000000000000000     
  -1.5899999999999999       0.10844920191232937        2.0000000000000000     
  -1.5800000000000001       0.12620187493913723        2.0000000000000000     
  -1.5699999999999998       0.14513712107358462        2.0000000000000000     
  -1.5600000000000001       0.16520950481307184        2.0000000000000000     
  -1.5499999999999998       0.18637086207052525        2.0000000000000000     
  -1.5400000000000000       0.20857041574508975        2.0000000000000000     
  -1.5299999999999998       0.23175489756279982        2.0000000000000000     
  -1.5200000000000000       0.25586867589487045        2.0000000000000000     
  -1.5099999999999998       0.28085388924690580        2.0000000000000000     
  -1.5000000000000000       0.30665058509871390        2.0000000000000000     
  -1.4899999999999998       0.33319686376158109        2.0000000000000000     
  -1.4800000000000000       0.36042902690781520        2.0000000000000000     
  -1.4699999999999998       0.38828173041616010        2.0000000000000000     
  -1.4600000000000000       0.41668814116632358        2.0000000000000000     
  -1.4499999999999997       0.44558009740638949        2.0000000000000000     
  -1.4399999999999999       0.47488827230830716        2.0000000000000000     
  -1.4299999999999997       0.50454234031900513        2.0000000000000000     
  -1.4199999999999999       0.53447114590796485        2.0000000000000000     
  -1.4100000000000001       0.56460287430634259        2.0000000000000000     
  -1.3999999999999999       0.59486522382794638        2.0000000000000000     
  -1.3900000000000001       0.62518557935858121        2.0000000000000000     
  -1.3799999999999999       0.65549118659747074        2.0000000000000000     
  -1.3700000000000001       0.68570932663266082        2.0000000000000000     
  -1.3599999999999999       0.71576749043150467        2.0000000000000000     
  -1.3500000000000001       0.74559355282754147        2.0000000000000000     
  -1.3399999999999999       0.77511594558627805        2.0000000000000000     
  -1.3300000000000001       0.80426382913460226        2.0000000000000000     
  -1.3199999999999998       0.83296726254175779        2.0000000000000000     
  -1.3100000000000001       0.86115737134401038        2.0000000000000000     
  -1.2999999999999998       0.88876651281030283        2.0000000000000000     
  -1.2900000000000000       0.91572843825234418        2.0000000000000000     
  -1.2799999999999998       0.94197845198966546        2.0000000000000000     
  -1.2700000000000000       0.96745356658820114        2.0000000000000000     
  -1.2599999999999998       0.99209265399989988        2.0000000000000000     
  -1.2500000000000000        1.0158365922407009        2.0000000000000000     
  -1.2399999999999998        1.0386284072549197        2.0000000000000000     
  -1.2300000000000000        1.0604134096256352        2.0000000000000000     
  -1.2199999999999998        1.0811393258030455        2.0000000000000000     
  -1.2100000000000000        1.1007564235358933        2.0000000000000000     
  -1.1999999999999997        1.1192176312050028        2.0000000000000000     
  -1.1899999999999999        1.1364786507725733        2.0000000000000000     
  -1.1799999999999997        1.1524980640762061        2.0000000000000000     
  -1.1699999999999999        1.1672374322126180        2.0000000000000000     
  -1.1600000000000001        1.1806613877725598        2.0000000000000000     
  -1.1499999999999999        1.1927377197056226        2.0000000000000000     
  -1.1400000000000001        1.2034374506112990        2.0000000000000000     
  -1.1299999999999999        1.2127349062708370        2.0000000000000000     
  -1.1200000000000001        1.2206077772530415        2.0000000000000000     
  -1.1099999999999999        1.2270371724462030        2.0000000000000000     
  -1.1000000000000001        1.2320076643876976        2.0000000000000000     
  -1.0899999999999999        1.2355073262824923        2.0000000000000000     
  -1.0800000000000001        1.2375277606217310        2.0000000000000000     
  -1.0699999999999998        1.2380641193327231        2.0000000000000000     
  -1.0600000000000001        1.2371151154119917        2.0000000000000000     
  -1.0499999999999998        1.2346830260134642        2.0000000000000000     
  -1.0400000000000000        1.2307736869843970        2.0000000000000000     
  -1.0299999999999998        1.2253964788621408        2.0000000000000000     
  -1.0200000000000000        1.2185643043653549        2.0000000000000000     
  -1.0099999999999998        1.2102935574336753        2.0000000000000000     
  -1.0000000000000000        1.2006040838901264        2.0000000000000000     
 -0.99000000000000021        1.1895191338206730        2.0000000000000000     
 -0.97999999999999954        1.1770653057851708        2.0000000000000000     
 -0.96999999999999975        1.1632724829935908        2.0000000000000000     
 -0.95999999999999996        1.1481737616006567        2.0000000000000000     
 -0.95000000000000018        1.1318053712909599        2.0000000000000000     
 -0.93999999999999950        1.1142065883451036        2.0000000000000000     
 -0.92999999999999972        1.0954196413954809        2.0000000000000000     
 -0.91999999999999993        1.0754896100978253        2.0000000000000000     
 -0.91000000000000014        1.0544643169616736        2.0000000000000000     
 -0.90000000000000036        1.0323942125992951        2.0000000000000000     
 -0.88999999999999968        1.0093322546684362        2.0000000000000000     
 -0.87999999999999989       0.98533378079935963        2.0000000000000000     
 -0.87000000000000011       0.96045637581109145        2.0000000000000000     
 -0.86000000000000032       0.93475973353549380        2.0000000000000000     
 -0.84999999999999964       0.90830551358071909        2.0000000000000000     
 -0.83999999999999986       0.88115719337774423        2.0000000000000000     
 -0.83000000000000007       0.85337991586500284        2.0000000000000000     
 -0.82000000000000028       0.82504033317659875        2.0000000000000000     
 -0.80999999999999961       0.79620644670917495        2.0000000000000000     
 -0.79999999999999982       0.76694744395119807        2.0000000000000000     
 -0.79000000000000004       0.73733353246619515        2.0000000000000000     
 -0.78000000000000025       0.70743577142829661        2.0000000000000000     
 -0.76999999999999957       0.67732590111432334        2.0000000000000000     
 -0.75999999999999979       0.64707617076155599        2.0000000000000000     
 -0.75000000000000000       0.61675916520424090        2.0000000000000000     
 -0.74000000000000021       0.58644763070482597        2.0000000000000000     
 -0.72999999999999954       0.55621430039784658        2.0000000000000000     
 -0.71999999999999975       0.52613171976531059        2.0000000000000000     
 -0.70999999999999996       0.49627207256236050        2.0000000000000000     
 -0.70000000000000018       0.46670700761090689        2.0000000000000000     
 -0.68999999999999950       0.43750746687684366        2.0000000000000000     
 -0.67999999999999972       0.40874351524337971        2.0000000000000000     
 -0.66999999999999993       0.38048417238894633        2.0000000000000000     
 -0.66000000000000014       0.35279724717309657        2.0000000000000000     
 -0.64999999999999947       0.32574917492778710        2.0000000000000000     
 -0.63999999999999968       0.29940485804446787        2.0000000000000000     
 -0.62999999999999989       0.27382751023949331        2.0000000000000000     
 -0.62000000000000011       0.24907850487154271        2.0000000000000000     
 -0.61000000000000032       0.22521722767501567        2.0000000000000000     
 -0.59999999999999964       0.20230093426277304        2.0000000000000000     
 -0.58999999999999986       0.18038461274014569        2.0000000000000000     
 -0.58000000000000007       0.15952085175987410        2.0000000000000000     
 -0.57000000000000028       0.13975971433458187        2.0000000000000000     
 -0.55999999999999961       0.12114861770957365        2.0000000000000000     
 -0.54999999999999982       0.10373221958420469        2.0000000000000000     
 -0.54000000000000004        8.7552310954836163E-002   2.0000000000000000     
 -0.53000000000000025        7.2647715836501994E-002   2.0000000000000000     
 -0.51999999999999957        5.9054198103906483E-002   2.0000000000000000     
 -0.50999999999999979        4.6804375675290236E-002   2.0000000000000000     
 -0.50000000000000000        3.5927642245081638E-002   2.0000000000000000     
 -0.49000000000000021        2.6450096753137923E-002   2.0000000000000000     
 -0.47999999999999954        1.8394480759815965E-002   2.0000000000000000     
 -0.46999999999999975        1.1780123877142366E-002   2.0000000000000000     
 -0.45999999999999996        6.6228973870220429E-003   2.0000000000000000     
 -0.45000000000000018        2.9351761577791563E-003   2.0000000000000000     
 -0.43999999999999950        7.2580895041257621E-004   2.0000000000000000     
 -0.42999999999999972        9.7185816510057898E-008   2.0000000000000000     
 -0.41999999999999993        7.5978222391481917E-004   2.0000000000000000     
 -0.41000000000000014        3.0030411852329806E-003   2.0000000000000000     
 -0.39999999999999947        6.7244913249339209E-003   2.0000000000000000     
 -0.38999999999999968        1.1915202948822137E-002   2.0000000000000000     
 -0.37999999999999989        1.8562720840323878E-002   2.0000000000000000     
 -0.37000000000000011        2.6651094147028941E-002   2.0000000000000000     
 -0.36000000000000032        3.6160914655080728E-002   2.0000000000000000     
 -0.34999999999999964        4.7069363359574380E-002   2.0000000000000000     
 -0.33999999999999986        5.9350265219216360E-002   2.0000000000000000     
 -0.33000000000000007        7.2974151963860617E-002   2.0000000000000000     
 -0.32000000000000028        8.7908332804213507E-002   2.0000000000000000     
 -0.30999999999999961       0.10411697287403773        2.0000000000000000     
 -0.29999999999999982       0.12156117921663225        2.0000000000000000     
 -0.29000000000000004       0.14019909410926129        2.0000000000000000     
 -0.28000000000000025       0.15998599550159892        2.0000000000000000     
 -0.26999999999999957       0.18087440432718516        2.0000000000000000     
 -0.25999999999999979       0.20281419843039758        2.0000000000000000     
 -0.25000000000000000       0.22575273283556821        2.0000000000000000     
 -0.24000000000000021       0.24963496606965785        2.0000000000000000     
 -0.22999999999999954       0.27440359223537369        2.0000000000000000     
 -0.21999999999999975       0.29999917851781821        2.0000000000000000     
 -0.20999999999999996       0.32636030779472008        2.0000000000000000     
 -0.20000000000000018       0.35342372600804967        2.0000000000000000     
 -0.18999999999999950       0.38112449394339903        2.0000000000000000     
 -0.17999999999999972       0.40939614305292860        2.0000000000000000     
 -0.16999999999999993       0.43817083494797987        2.0000000000000000     
 -0.16000000000000014       0.46737952417864814        2.0000000000000000     
 -0.14999999999999947       0.49695212390972415        2.0000000000000000     
 -0.13999999999999968       0.52681767409545921        2.0000000000000000     
 -0.12999999999999989       0.55690451174961719        2.0000000000000000     
 -0.12000000000000011       0.58714044290224676        2.0000000000000000     
 -0.11000000000000032       0.61745291583055883        2.0000000000000000     
  -9.9999999999999645E-002  0.64776919514823916        2.0000000000000000     
  -8.9999999999999858E-002  0.67801653633546632        2.0000000000000000     
  -8.0000000000000071E-002  0.70812236029084441        2.0000000000000000     
  -7.0000000000000284E-002  0.73801442748641111        2.0000000000000000     
  -5.9999999999999609E-002  0.76762101130783444        2.0000000000000000     
  -4.9999999999999822E-002  0.79687107016385961        2.0000000000000000     
  -4.0000000000000036E-002  0.82569441795203202        2.0000000000000000     
  -3.0000000000000249E-002  0.85402189247165672        2.0000000000000000     
  -1.9999999999999574E-002  0.88178552137988453        2.0000000000000000     
  -9.9999999999997868E-003  0.90891868529271158        2.0000000000000000     
   0.0000000000000000       0.93535627763952633        2.0000000000000000     
   9.9999999999997868E-003  0.96103486088763057        2.0000000000000000     
   2.0000000000000462E-002  0.98589281876187029        2.0000000000000000     
   3.0000000000000249E-002   1.0098705040941229        2.0000000000000000     
   4.0000000000000036E-002   1.0329103819478729        2.0000000000000000     
   4.9999999999999822E-002   1.0549571676744449        2.0000000000000000     
   6.0000000000000497E-002   1.0759579595696265        2.0000000000000000     
   7.0000000000000284E-002   1.0958623658123678        2.0000000000000000     
   8.0000000000000071E-002   1.1146226253809652        2.0000000000000000     
   8.9999999999999858E-002   1.1321937226565904        2.0000000000000000     
  0.10000000000000053        1.1485334954391708        2.0000000000000000     
  0.11000000000000032        1.1636027361164332        2.0000000000000000     
  0.12000000000000011        1.1773652857433548        2.0000000000000000     
  0.12999999999999989        1.1897881208062764        2.0000000000000000     
  0.13999999999999968        1.2008414324634868        2.0000000000000000     
  0.15000000000000036        1.2104986980721339        2.0000000000000000     
  0.16000000000000014        1.2187367448298394        2.0000000000000000     
  0.16999999999999993        1.2255358053782996        2.0000000000000000     
  0.17999999999999972        1.2308795652354629        2.0000000000000000     
  0.19000000000000039        1.2347552019424515        2.0000000000000000     
  0.20000000000000018        1.2371534158313116        2.0000000000000000     
  0.20999999999999996        1.2380684523397523        2.0000000000000000     
  0.21999999999999975        1.2374981158193319        2.0000000000000000     
  0.23000000000000043        1.2354437748039622        2.0000000000000000     
  0.24000000000000021        1.2319103587260831        2.0000000000000000     
  0.25000000000000000        1.2269063460883904        2.0000000000000000     
  0.25999999999999979        1.2204437441194984        2.0000000000000000     
  0.27000000000000046        1.2125380599623552        2.0000000000000000     
  0.28000000000000025        1.2032082634645407        2.0000000000000000     
  0.29000000000000004        1.1924767416597404        2.0000000000000000     
  0.29999999999999982        1.1803692450496044        2.0000000000000000     
  0.31000000000000050        1.1669148258149085        2.0000000000000000     
  0.32000000000000028        1.1521457681042591        2.0000000000000000     
  0.33000000000000007        1.1360975105676347        2.0000000000000000     
  0.33999999999999986        1.1188085613206331        2.0000000000000000     
  0.35000000000000053        1.1003204055434772        2.0000000000000000     
  0.36000000000000032        1.0806774059364948        2.0000000000000000     
  0.37000000000000011        1.0599266962709273        2.0000000000000000     
  0.37999999999999989        1.0381180682905036        2.0000000000000000     
  0.38999999999999968        1.0153038522351501        2.0000000000000000     
  0.40000000000000036       0.99153879127353506        2.0000000000000000     
  0.41000000000000014       0.96687991014573471        2.0000000000000000     
  0.41999999999999993       0.94138637833122862        2.0000000000000000     
  0.42999999999999972       0.91511936807054695        2.0000000000000000     
  0.44000000000000039       0.88814190758125366        2.0000000000000000     
  0.45000000000000018       0.86051872982047450        2.0000000000000000     
  0.45999999999999996       0.83231611715687037        2.0000000000000000     
  0.46999999999999975       0.80360174232476445        2.0000000000000000     
  0.48000000000000043       0.77444450604205939        2.0000000000000000     
  0.49000000000000021       0.74491437168158514        2.0000000000000000     
  0.50000000000000000       0.71508219739258227        2.0000000000000000     
  0.50999999999999979       0.68501956607515391        2.0000000000000000     
  0.52000000000000046       0.65479861361566116        2.0000000000000000     
  0.53000000000000025       0.62449185579521882        2.0000000000000000     
  0.54000000000000004       0.59417201428662503        2.0000000000000000     
  0.54999999999999982       0.56391184215725021        2.0000000000000000     
  0.56000000000000050       0.53378394929659279        2.0000000000000000     
  0.57000000000000028       0.50386062818739541        2.0000000000000000     
  0.58000000000000007       0.47421368043838275        2.0000000000000000     
  0.58999999999999986       0.44491424449486228        2.0000000000000000     
  0.60000000000000053       0.41603262494059984        2.0000000000000000     
  0.61000000000000032       0.38763812380056129        2.0000000000000000     
  0.62000000000000011       0.35979887424931473        2.0000000000000000     
  0.62999999999999989       0.33258167712411235        2.0000000000000000     
  0.63999999999999968       0.30605184063494301        2.0000000000000000     
  0.65000000000000036       0.28027302365617346        2.0000000000000000     
  0.66000000000000014       0.25530708297580329        2.0000000000000000     
  0.66999999999999993       0.23121392486886230        2.0000000000000000     
  0.67999999999999972       0.20805136135110322        2.0000000000000000     
  0.69000000000000039       0.18587497145791085        2.0000000000000000     
  0.70000000000000018       0.16473796788129311        2.0000000000000000     
  0.70999999999999996       0.14469106928495987        2.0000000000000000     
  0.71999999999999975       0.12578237860387287        2.0000000000000000     
  0.73000000000000043       0.10805726762028936        2.0000000000000000     
  0.74000000000000021        9.1558268093261064E-002   2.0000000000000000     
  0.75000000000000000        7.6324969702826040E-002   2.0000000000000000     
  0.75999999999999979        6.2393925053777798E-002   2.0000000000000000     
  0.77000000000000046        4.9798561966957706E-002   2.0000000000000000     
  0.78000000000000025        3.8569103268528825E-002   2.0000000000000000     
  0.79000000000000004        2.8732494269698816E-002   2.0000000000000000     
  0.79999999999999982        2.0312338110905694E-002   2.0000000000000000     
  0.81000000000000050        1.3328839125609213E-002   2.0000000000000000     
  0.82000000000000028        7.7987543595878766E-003   2.0000000000000000     
  0.83000000000000007        3.7353533620716976E-003   2.0000000000000000     
  0.83999999999999986        1.1483863451928864E-003   2.0000000000000000     
  0.85000000000000053        4.4060788156430028E-005   2.0000000000000000     
  0.86000000000000032        4.2502654226932775E-004   2.0000000000000000     
  0.87000000000000011        2.2903694725692710E-003   2.0000000000000000     
  0.87999999999999989        5.6356136513098058E-003   2.0000000000000000     
  0.88999999999999968        1.0452732098038672E-002   2.0000000000000000     
  0.90000000000000036        1.6730166040498266E-002   2.0000000000000000     
  0.91000000000000014        2.4452852650131331E-002   2.0000000000000000     
  0.91999999999999993        3.3602261185639998E-002   2.0000000000000000     
  0.92999999999999972        4.4156437457870873E-002   2.0000000000000000     
  0.94000000000000039        5.6090056509331986E-002   2.0000000000000000     
  0.95000000000000018        6.9374483381935789E-002   2.0000000000000000     
  0.95999999999999996        8.3977841827155009E-002   2.0000000000000000     
  0.96999999999999975        9.9865090793719885E-002   2.0000000000000000     
  0.98000000000000043       0.11699810850932296        2.0000000000000000     
  0.99000000000000021       0.13533578395457568        2.0000000000000000     
   1.0000000000000000       0.15483411550972354        2.0000000000000000     
   1.0099999999999998       0.17544631653741452        2.0000000000000000     
   1.0200000000000005       0.19712292764817291        2.0000000000000000     
   1.0300000000000002       0.21981193537919591        2.0000000000000000     
   1.0400000000000000       0.24345889700169981        2.0000000000000000     
   1.0499999999999998       0.26800707115733896        2.0000000000000000     
   1.0600000000000005       0.29339755401023265        2.0000000000000000     
   1.0700000000000003       0.31956942058789922        2.0000000000000000     
   1.0800000000000001       0.34645987097194936        2.0000000000000000     
   1.0899999999999999       0.37400438098774813        2.0000000000000000     
   1.1000000000000005       0.40213685703146557        2.0000000000000000     
   1.1100000000000003       0.43078979466300360        2.0000000000000000     
   1.1200000000000001       0.45989444058425338        2.0000000000000000     
   1.1299999999999999       0.48938095761401140        2.0000000000000000     
   1.1400000000000006       0.51917859226369634        2.0000000000000000     
   1.1500000000000004       0.54921584451176197        2.0000000000000000     
   1.1600000000000001       0.57942063936943267        2.0000000000000000     
   1.1699999999999999       0.60972049982608278        2.0000000000000000     
   1.1799999999999997       0.64004272075927715        2.0000000000000000     
   1.1900000000000004       0.67031454339216867        2.0000000000000000     
   1.2000000000000002       0.70046332987964155        2.0000000000000000     
   1.2100000000000000       0.73041673760427750        2.0000000000000000     
   1.2199999999999998       0.76010289276391518        2.0000000000000000     
   1.2300000000000004       0.78945056283427906        2.0000000000000000     
   1.2400000000000002       0.81838932749284943        2.0000000000000000     
   1.2500000000000000       0.84684974759383724        2.0000000000000000     
   1.2599999999999998       0.87476353178880650        2.0000000000000000     
   1.2700000000000005       0.90206370039313344        2.0000000000000000     
   1.2800000000000002       0.92868474610510199        2.0000000000000000     
   1.2900000000000000       0.95456279119198761        2.0000000000000000     
   1.2999999999999998       0.97963574076595650        2.0000000000000000     
   1.3100000000000005        1.0038434317819938        2.0000000000000000     
   1.3200000000000003        1.0271277774003365        2.0000000000000000     
   1.3300000000000001        1.0494329063670083        2.0000000000000000     
   1.3399999999999999        1.0707052970780142        2.0000000000000000     
   1.3500000000000005        1.0908939060055027        2.0000000000000000     
   1.3600000000000003        1.1099502901777312        2.0000000000000000     
   1.3700000000000001        1.1278287234189501        2.0000000000000000     
   1.3799999999999999        1.1444863060702786        2.0000000000000000     
   1.3900000000000006        1.1598830679282925        2.0000000000000000     
   1.4000000000000004        1.1739820641543321        2.0000000000000000     
   1.4100000000000001        1.1867494639243814        2.0000000000000000     
   1.4199999999999999        1.1981546316068075        2.0000000000000000     
   1.4299999999999997        1.2081702002731740        2.0000000000000000     
   1.4400000000000004        1.2167721373657339        2.0000000000000000     
   1.4500000000000002        1.2239398023640340        2.0000000000000000     
   1.4600000000000000        1.2296559963122562        2.0000000000000000     
   1.4699999999999998        1.2339070030884585        2.0000000000000000     
   1.4800000000000004        1.2366826223166827        2.0000000000000000     
   1.4900000000000002        1.2379761938429616        2.0000000000000000     
   1.5000000000000000        1.2377846137164921        2.0000000000000000     
   1.5099999999999998        1.2361083416376266        2.0000000000000000     
   1.5200000000000005        1.2329513998548145        2.0000000000000000     
   1.5300000000000002        1.2283213635131351        2.0000000000000000     
   1.5400000000000000        1.2222293424775852        2.0000000000000000     
   1.5499999999999998        1.2146899546747367        2.0000000000000000     
   1.5600000000000005        1.2057212910167270        2.0000000000000000     
   1.5700000000000003        1.1953448719917525        2.0000000000000000     
   1.5800000000000001        1.1835855960252284        2.0000000000000000     
   1.5899999999999999        1.1704716797355152        2.0000000000000000     
   1.6000000000000005        1.1560345902275795        2.0000000000000000     
   1.6100000000000003        1.1403089695870441        2.0000000000000000     
   1.6200000000000001        1.1233325517558077        2.0000000000000000     
   1.6299999999999999        1.1051460719886987        2.0000000000000000     
   1.6400000000000006        1.0857931691084115        2.0000000000000000     
   1.6500000000000004        1.0653202807932789        2.0000000000000000     
   1.6600000000000001        1.0437765321491295        2.0000000000000000     
   1.6699999999999999        1.0212136178326157        2.0000000000000000     
   1.6799999999999997       0.99768567800884489        2.0000000000000000     
   1.6900000000000004       0.97324916844097187        2.0000000000000000     
   1.7000000000000002       0.94796272502346057        2.0000000000000000     
   1.7100000000000000       0.92188702308408221        2.0000000000000000     
   1.7199999999999998       0.89508463179224962        2.0000000000000000     
   1.7300000000000004       0.86761986402304092        2.0000000000000000     
   1.7400000000000002       0.83955862203716736        2.0000000000000000     
   1.7500000000000000       0.81096823934717710        2.0000000000000000     
   1.7599999999999998       0.78191731914934370        2.0000000000000000     
   1.7700000000000005       0.75247556970892016        2.0000000000000000     
   1.7800000000000002       0.72271363709376024        2.0000000000000000     
   1.7900000000000000       0.69270293565766250        2.0000000000000000     
   1.7999999999999998       0.66251547668019739        2.0000000000000000     
   1.8100000000000005       0.63222369557419811        2.0000000000000000     
   1.8200000000000003       0.60190027807553637        2.0000000000000000     
   1.8300000000000001       0.57161798583224177        2.0000000000000000     
   1.8399999999999999       0.54144948181147001        2.0000000000000000     
   1.8500000000000005       0.51146715594325598        2.0000000000000000     
   1.8600000000000003       0.48174295141942614        2.0000000000000000     
   1.8700000000000001       0.45234819206446786        2.0000000000000000     
   1.8799999999999999       0.42335341119258307        2.0000000000000000     
   1.8900000000000006       0.39482818236158701        2.0000000000000000     
   1.9000000000000004       0.36684095242976245        2.0000000000000000     
   1.9100000000000001       0.33945887731625068        2.0000000000000000     
   1.9199999999999999       0.31274766085907801        2.0000000000000000     
   1.9299999999999997       0.28677139715747973        2.0000000000000000     
   1.9400000000000004       0.26159241677682410        2.0000000000000000     
   1.9500000000000002       0.23727113718517151        2.0000000000000000     
   1.9600000000000000       0.21386591778034916        2.0000000000000000     
   1.9699999999999998       0.19143291985540620        2.0000000000000000     
   1.9800000000000004       0.17002597183846568        2.0000000000000000     
   1.9900000000000002       0.14969644013033229        2.0000000000000000     
   2.0000000000000000       0.13049310584978410        2.0000000000000000     
   2.0099999999999998       0.11245455106212233        0.0000000000000000     
   2.0200000000000005        9.5557219352420425E-002   0.0000000000000000     
   2.0300000000000002        7.9859978850506205E-002   0.0000000000000000     
   2.0400000000000000        6.5425597591785248E-002   0.0000000000000000     
   2.0499999999999998        5.2311793858257072E-002   0.0000000000000000     
   2.0600000000000005        4.0571005382333790E-002   0.0000000000000000     
   2.0700000000000003        3.0250179665817112E-002   0.0000000000000000     
   2.0800000000000001        2.1390586252478742E-002   0.0000000000000000     
   2.0899999999999999        1.4027651704903318E-002   0.0000000000000000     
   2.1000000000000005        8.1908179454665917E-003   0.0000000000000000     
   2.1100000000000003        3.9034245278960988E-003   0.0000000000000000     
   2.1200000000000001        1.1826153101711302E-003   0.0000000000000000     
   2.1299999999999999        3.9269901945945075E-005   0.0000000000000000     
   2.1400000000000006        4.7796016061519062E-004   0.0000000000000000     
   2.1500000000000004        2.4969319099792443E-003   0.0000000000000000     
   2.1600000000000001        6.0881119546104517E-003   0.0000000000000000     
   2.1699999999999999        1.1237140361872145E-002   0.0000000000000000     
   2.1799999999999997        1.7923427882505408E-002   0.0000000000000000     
   2.1900000000000004        2.6120238280177774E-002   0.0000000000000000     
   2.2000000000000002        3.5794795240785438E-002   0.0000000000000000     
   2.2100000000000000        4.6908413434014307E-002   0.0000000000000000     
   2.2199999999999998        5.9416653203088331E-002   0.0000000000000000     
   2.2300000000000004        7.3269498264152369E-002   0.0000000000000000     
   2.2400000000000002        8.8411555704728959E-002   0.0000000000000000     
   2.2500000000000000       0.10478227748152177        0.0000000000000000     
   2.2599999999999998       0.12231620253186985        0.0000000000000000     
   2.2700000000000005       0.14094321853072958        0.0000000000000000     
   2.2800000000000002       0.16058884224650533        0.0000000000000000     
   2.2900000000000000       0.18117451737467946        0.0000000000000000     
   2.2999999999999998       0.20261792865830378        0.0000000000000000     
   2.3100000000000005       0.22483333103928974        0.0000000000000000     
   2.3200000000000003       0.24773189252433073        0.0000000000000000     
   2.3300000000000001       0.27122204939444994        0.0000000000000000     
   2.3399999999999999       0.29520987233780910        0.0000000000000000     
   2.3500000000000005       0.31959944204173502        0.0000000000000000     
   2.3600000000000003       0.34429323274209633        0.0000000000000000     
   2.3700000000000001       0.36919250219634497        0.0000000000000000     
   2.3799999999999999       0.39419768652084869        0.0000000000000000     
   2.3900000000000006       0.41920879831369384        0.0000000000000000     
   2.4000000000000004       0.44412582647099541        0.0000000000000000     
   2.4100000000000001       0.46884913609798395        0.0000000000000000     
   2.4199999999999999       0.49327986691575765        0.0000000000000000     
   2.4299999999999997       0.51732032857060306        0.0000000000000000     
   2.4400000000000004       0.54087439126517578        0.0000000000000000     
   2.4500000000000002       0.56384787014953508        0.0000000000000000     
   2.4600000000000000       0.58614890193498204        0.0000000000000000     
   2.4699999999999998       0.60768831222474817        0.0000000000000000     
   2.4800000000000004       0.62837997209270058        0.0000000000000000     
   2.4900000000000002       0.64814114248422405        0.0000000000000000     
   2.5000000000000000       0.66689280506213777        0.0000000000000000     
   2.5099999999999998       0.68455997817470127        0.0000000000000000     
   2.5200000000000005       0.70107201668226038        0.0000000000000000     
   2.5300000000000002       0.71636289444362566        0.0000000000000000     
   2.5400000000000000       0.73037146833261601        0.0000000000000000     
   2.5499999999999998       0.74304172272905022        0.0000000000000000     
   2.5600000000000005       0.75432299350655185        0.0000000000000000     
   2.5700000000000003       0.76417017062151182        0.0000000000000000     
   2.5800000000000001       0.77254387849312522        0.0000000000000000     
   2.5899999999999999       0.77941063345322137        0.0000000000000000     
   2.6000000000000005       0.78474297763629808        0.0000000000000000     
   2.6100000000000003       0.78851958877437889        0.0000000000000000     
   2.6200000000000001       0.79072536545765848        0.0000000000000000     
   2.6299999999999999       0.79135148752001039        0.0000000000000000     
   2.6400000000000006       0.79039545130789279        0.0000000000000000     
   2.6500000000000004       0.78786107969162522        0.0000000000000000     
   2.6600000000000001       0.78375850677900349        0.0000000000000000     
   2.6699999999999999       0.77810413739237849        0.0000000000000000     
   2.6799999999999997       0.77092058147123688        0.0000000000000000     
   2.6900000000000004       0.76223656366258530        0.0000000000000000     
   2.7000000000000002       0.75208680846065601        0.0000000000000000     
   2.7100000000000000       0.74051190135522316        0.0000000000000000     
   2.7199999999999998       0.72755812654374974        0.0000000000000000     
   2.7300000000000004       0.71327728185630046        0.0000000000000000     
   2.7400000000000002       0.69772647163327528        0.0000000000000000     
   2.7500000000000000       0.68096787838417594        0.0000000000000000     
   2.7599999999999998       0.66306851414046597        0.0000000000000000     
   2.7700000000000005       0.64409995249678142        0.0000000000000000     
   2.7800000000000002       0.62413804241196946        0.0000000000000000     
   2.7900000000000000       0.60326260491437023        0.0000000000000000     
   2.7999999999999998       0.58155711392411613        0.0000000000000000     
   2.8100000000000005       0.55910836246873330        0.0000000000000000     
   2.8200000000000003       0.53600611562673939        0.0000000000000000     
   2.8300000000000001       0.51234275158699827        0.0000000000000000     
   2.8399999999999999       0.48821289225911751        0.0000000000000000     
   2.8500000000000005       0.46371302491195382        0.0000000000000000     
   2.8600000000000003       0.43894111635316979        0.0000000000000000     
   2.8700000000000001       0.41399622119260504        0.0000000000000000     
   2.8799999999999999       0.38897808575589166        0.0000000000000000     
   2.8900000000000006       0.36398674923212654        0.0000000000000000     
   2.9000000000000004       0.33912214365048154        0.0000000000000000     
   2.9100000000000001       0.31448369428530998        0.0000000000000000     
   2.9199999999999999       0.29016992208759707        0.0000000000000000     
   2.9300000000000006       0.26627804973249780        0.0000000000000000     
   2.9400000000000004       0.24290361285824799        0.0000000000000000     
   2.9500000000000002       0.22014007805097321        0.0000000000000000     
   2.9600000000000000       0.19807846910294857        0.0000000000000000     
   2.9699999999999998       0.17680700303877681        0.0000000000000000     
   2.9800000000000004       0.15641073736489555        0.0000000000000000     
   2.9900000000000002       0.13697122995294486        0.0000000000000000     
   3.0000000000000000       0.11856621291700895        0.0000000000000000     
   3.0099999999999998       0.10126928178878701        0.0000000000000000     
   3.0199999999999996        8.5149601233580119E-002   0.0000000000000000     
   3.0299999999999994        7.0271628483835627E-002   0.0000000000000000     
   3.0400000000000009        5.6694855596148161E-002   0.0000000000000000     
   3.0500000000000007        4.4473571562344202E-002   0.0000000000000000     
   3.0600000000000005        3.3656645225889695E-002   0.0000000000000000     
   3.0700000000000003        2.4287329871665066E-002   0.0000000000000000     
   3.0800000000000001        1.6403090270488335E-002   0.0000000000000000     
   3.0899999999999999        1.0035452869977618E-002   0.0000000000000000     
   3.0999999999999996        5.2098797307897514E-003   0.0000000000000000     
   3.1099999999999994        1.9456667123221656E-003   0.0000000000000000     
   3.1200000000000010        2.5586631499933894E-004   0.0000000000000000     
   3.1300000000000008        1.4723548767190040E-004   0.0000000000000000     
   3.1400000000000006        1.6202086088291767E-003   0.0000000000000000     
   3.1500000000000004        4.6688957496643230E-003   0.0000000000000000     
   3.1600000000000001        9.2811062259374570E-003   0.0000000000000000     
   3.1699999999999999        1.5438397344460742E-002   0.0000000000000000     
   3.1799999999999997        2.3116148149284470E-002   0.0000000000000000     
   3.1899999999999995        3.2283657872697685E-002   0.0000000000000000     
   3.1999999999999993        4.2904268697370684E-002   0.0000000000000000     
   3.2100000000000009        5.4935512338754308E-002   0.0000000000000000     
   3.2200000000000006        6.8329279861602074E-002   0.0000000000000000     
   3.2300000000000004        8.3032014051575287E-002   0.0000000000000000     
   3.2400000000000002        9.8984923572701125E-002   0.0000000000000000     
   3.2500000000000000       0.11612421805433951        0.0000000000000000     
   3.2599999999999998       0.13438136316762422        0.0000000000000000     
   3.2699999999999996       0.15368335467141278        0.0000000000000000     
   3.2799999999999994       0.17395301033192587        0.0000000000000000     
   3.2900000000000009       0.19510927854878818        0.0000000000000000     
   3.3000000000000007       0.21706756245337672        0.0000000000000000     
   3.3100000000000005       0.23974005818351579        0.0000000000000000     
   3.3200000000000003       0.26303610598187110        0.0000000000000000     
   3.3300000000000001       0.28686255271411709        0.0000000000000000     
   3.3399999999999999       0.31112412435728792        0.0000000000000000     
   3.3499999999999996       0.33572380696885640        0.0000000000000000     
   3.3599999999999994       0.36056323461317019        0.0000000000000000     
   3.3700000000000010       0.38554308269405940        0.0000000000000000     
   3.3800000000000008       0.41056346512080799        0.0000000000000000     
   3.3900000000000006       0.43552433371935417        0.0000000000000000     
   3.4000000000000004       0.46032587829160920        0.0000000000000000     
   3.4100000000000001       0.48486892572318802        0.0000000000000000     
   3.4199999999999999       0.50905533654365609        0.0000000000000000     
   3.4299999999999997       0.53278839735357675        0.0000000000000000     
   3.4399999999999995       0.55597320754917723        0.0000000000000000     
   3.4499999999999993       0.57851705879824777        0.0000000000000000     
   3.4600000000000009       0.60032980574987760        0.0000000000000000     
   3.4700000000000006       0.62132422649568197        0.0000000000000000     
   3.4800000000000004       0.64141637134115670        0.0000000000000000     
   3.4900000000000002       0.66052589849253984        0.0000000000000000     
   3.5000000000000000       0.67857639531688041        0.0000000000000000     
   3.5099999999999998       0.69549568389070060        0.0000000000000000     
   3.5199999999999996       0.71121610961546711        0.0000000000000000     
   3.5299999999999994       0.72567481174579174        0.0000000000000000     
   3.5400000000000009       0.73881397474861210        0.0000000000000000     
   3.5500000000000007       0.75058105948824616        0.0000000000000000     
   3.5600000000000005       0.76092901331289386        0.0000000000000000     
   3.5700000000000003       0.76981645820251665        0.0000000000000000     
   3.5800000000000001       0.77720785622575472        0.0000000000000000     
   3.5899999999999999       0.78307365164427545        0.0000000000000000     
   3.5999999999999996       0.78739038909632475        0.0000000000000000     
   3.6099999999999994       0.79014080738690518        0.0000000000000000     
   3.6200000000000010       0.79131390850954397        0.0000000000000000     
   3.6300000000000008       0.79090500162365740        0.0000000000000000     
   3.6400000000000006       0.78891572181165925        0.0000000000000000     
   3.6500000000000004       0.78535402354081119        0.0000000000000000     
   3.6600000000000001       0.78023414885595810        0.0000000000000000     
   3.6699999999999999       0.77357657043033512        0.0000000000000000     
   3.6799999999999997       0.76540790970216821        0.0000000000000000     
   3.6899999999999995       0.75576083042441022        0.0000000000000000     
   3.7000000000000011       0.74467390805327582        0.0000000000000000     
   3.7100000000000009       0.73219147549784169        0.0000000000000000     
   3.7200000000000006       0.71836344584751299        0.0000000000000000     
   3.7300000000000004       0.70324511278620661        0.0000000000000000     
   3.7400000000000002       0.68689692949132986        0.0000000000000000     
   3.7500000000000000       0.66938426690166297        0.0000000000000000     
   3.7599999999999998       0.65077715232075239        0.0000000000000000     
   3.7699999999999996       0.63114998940105327        0.0000000000000000     
   3.7799999999999994       0.61058126062850993        0.0000000000000000     
   3.7900000000000009       0.58915321349723992        0.0000000000000000     
   3.8000000000000007       0.56695153162920486        0.0000000000000000     
   3.8100000000000005       0.54406499215395077        0.0000000000000000     
   3.8200000000000003       0.52058511071844238        0.0000000000000000     
   3.8300000000000001       0.49660577554647828        0.0000000000000000     
   3.8399999999999999       0.47222287201096153        0.0000000000000000     
   3.8499999999999996       0.44753389922023651        0.0000000000000000     
   3.8599999999999994       0.42263758015163594        0.0000000000000000     
   3.8700000000000010       0.39763346689118234        0.0000000000000000     
   3.8800000000000008       0.37262154255796137        0.0000000000000000     
   3.8900000000000006       0.34770182150493628        0.0000000000000000     
   3.9000000000000004       0.32297394939486940        0.0000000000000000     
   3.9100000000000001       0.29853680475051236        0.0000000000000000     
   3.9199999999999999       0.27448810357233422        0.0000000000000000     
   3.9299999999999997       0.25092400860478842        0.0000000000000000     
   3.9399999999999995       0.22793874481353302        0.0000000000000000     
   3.9500000000000011       0.20562422261118365        0.0000000000000000     
   3.9600000000000009       0.18406967033819194        0.0000000000000000     
   3.9700000000000006       0.16336127746843745        0.0000000000000000     
   3.9800000000000004       0.14358184996623491        0.0000000000000000     
   3.9900000000000002       0.12481047917286862        0.0000000000000000     
   4.0000000000000000       0.10712222554666725        0.0000000000000000     
   4.0099999999999998        9.0587818521236374E-002   0.0000000000000000     
   4.0199999999999996        7.5273373682016365E-002   0.0000000000000000     
   4.0299999999999994        6.1240128392081775E-002   0.0000000000000000     
   4.0400000000000009        4.8544196924326988E-002   0.0000000000000000     
   4.0500000000000007        3.7236346079182761E-002   0.0000000000000000     
   4.0600000000000005        2.7361792185093700E-002   0.0000000000000000     
   4.0700000000000003        1.8960020293484141E-002   0.0000000000000000     
   4.0800000000000001        1.2064626291191479E-002   0.0000000000000000     
   4.0899999999999999        6.7031825617068367E-003   0.0000000000000000     
   4.0999999999999996        2.8971277323988952E-003   0.0000000000000000     
   4.1099999999999994        6.6168094858509382E-004   0.0000000000000000     
   4.1200000000000010        5.7810172395940714E-006   0.0000000000000000     
   4.1300000000000008        9.3205066368205736E-004   0.0000000000000000     
   4.1400000000000006        3.4367860441728224E-003   0.0000000000000000     
   4.1500000000000004        7.5099715563501229E-003   0.0000000000000000     
   4.1600000000000001        1.3135319888287355E-002   0.0000000000000000     
   4.1699999999999999        2.0290337146027512E-002   0.0000000000000000     
   4.1799999999999997        2.8946412799171553E-002   0.0000000000000000     
   4.1899999999999995        3.9068934084858176E-002   0.0000000000000000     
   4.2000000000000011        5.0617424412671648E-002   0.0000000000000000     
   4.2100000000000009        6.3545705217042545E-002   0.0000000000000000     
   4.2200000000000006        7.7802080609947546E-002   0.0000000000000000     
   4.2300000000000004        9.3329544095543865E-002   0.0000000000000000     
   4.2400000000000002       0.11006600652015486        0.0000000000000000     
   4.2500000000000000       0.12794454434611144        0.0000000000000000     
   4.2599999999999998       0.14689366725668423        0.0000000000000000     
   4.2699999999999996       0.16683760402204406        0.0000000000000000     
   4.2799999999999994       0.18769660548316758        0.0000000000000000     
   4.2900000000000009       0.20938726344215680        0.0000000000000000     
   4.3000000000000007       0.23182284418383595        0.0000000000000000     
   4.3100000000000005       0.25491363529498390        0.0000000000000000     
   4.3200000000000003       0.27856730439438832        0.0000000000000000     
   4.3300000000000001       0.30268926833927823        0.0000000000000000     
   4.3399999999999999       0.32718307143180292        0.0000000000000000     
   4.3499999999999996       0.35195077111323431        0.0000000000000000     
   4.3599999999999994       0.37689332960363064        0.0000000000000000     
   4.3700000000000010       0.40191100992092577        0.0000000000000000     
   4.3800000000000008       0.42690377469589352        0.0000000000000000     
   4.3900000000000006       0.45177168618826141        0.0000000000000000     
   4.4000000000000004       0.47641530590444048        0.0000000000000000     
   4.4100000000000001       0.50073609221893445        0.0000000000000000     
   4.4199999999999999       0.52463679440947175        0.0000000000000000     
   4.4299999999999997       0.54802184153024636        0.0000000000000000     
   4.4399999999999995       0.57079772456829170        0.0000000000000000     
   4.4500000000000011       0.59287337035487142        0.0000000000000000     
   4.4600000000000009       0.61416050573674164        0.0000000000000000     
   4.4700000000000006       0.63457401055108331        0.0000000000000000     
   4.4800000000000004       0.65403225799267661        0.0000000000000000     
   4.4900000000000002       0.67245744101230209        0.0000000000000000     
   4.5000000000000000       0.68977588344120933        0.0000000000000000     
   4.5099999999999998       0.70591833459757236        0.0000000000000000     
   4.5199999999999996       0.72082024619689555        0.0000000000000000     
   4.5299999999999994       0.73442203045909982        0.0000000000000000     
   4.5400000000000009       0.74666929838020446        0.0000000000000000     
   4.5500000000000007       0.75751307721583405        0.0000000000000000     
   4.5600000000000005       0.76691000630691009        0.0000000000000000     
   4.5700000000000003       0.77482251046447947        0.0000000000000000     
   4.5800000000000001       0.78121895022037957        0.0000000000000000     
   4.5899999999999999       0.78607374834292909        0.0000000000000000     
   4.5999999999999996       0.78936749211175827        0.0000000000000000     
   4.6099999999999994       0.79108701094280964        0.0000000000000000     
   4.6200000000000010       0.79122542905311677        0.0000000000000000     
   4.6300000000000008       0.78978219295476859        0.0000000000000000     
   4.6400000000000006       0.78676307366812459        0.0000000000000000     
   4.6500000000000004       0.78218014364542565        0.0000000000000000     
   4.6600000000000001       0.77605172849708026        0.0000000000000000     
   4.6699999999999999       0.76840233371365341        0.0000000000000000     
   4.6799999999999997       0.75926254667657311        0.0000000000000000     
   4.6899999999999995       0.74866891434938165        0.0000000000000000     
   4.7000000000000011       0.73666379713860419        0.0000000000000000     
   4.7100000000000009       0.72329519950859533        0.0000000000000000     
   4.7200000000000006       0.70861657802767741        0.0000000000000000     
   4.7300000000000004       0.69268662761313216        0.0000000000000000     
   4.7400000000000002       0.67556904682978158        0.0000000000000000     
   4.7500000000000000       0.65733228318064574        0.0000000000000000     
   4.7599999999999998       0.63804925940818202        0.0000000000000000     
   4.7699999999999996       0.61779708190053084        0.0000000000000000     
   4.7799999999999994       0.59665673236875705        0.0000000000000000     
   4.7900000000000009       0.57471274402796535        0.0000000000000000     
   4.8000000000000007       0.55205286357713401        0.0000000000000000     
   4.8100000000000005       0.52876770032929810        0.0000000000000000     
   4.8200000000000003       0.50495036389509129        0.0000000000000000     
   4.8300000000000001       0.48069609186843282        0.0000000000000000     
   4.8399999999999999       0.45610186900311533        0.0000000000000000     
   4.8499999999999996       0.43126603940308472        0.0000000000000000     
   4.8599999999999994       0.40628791327713032        0.0000000000000000     
   4.8700000000000010       0.38126736983044401        0.0000000000000000     
   4.8800000000000008       0.35630445788095239        0.0000000000000000     
   4.8900000000000006       0.33149899579742448        0.0000000000000000     
   4.9000000000000004       0.30695017235906741        0.0000000000000000     
   4.9100000000000001       0.28275615013264288        0.0000000000000000     
   4.9199999999999999       0.25901367295306410        0.0000000000000000     
   4.9299999999999997       0.23581767907702919        0.0000000000000000     
   4.9399999999999995       0.21326092155656037        0.0000000000000000     
   4.9500000000000011       0.19143359735044832        0.0000000000000000     
   4.9600000000000009       0.17042298665666222        0.0000000000000000     
   4.9700000000000006       0.15031310390791452        0.0000000000000000     
   4.9800000000000004       0.13118436182593302        0.0000000000000000     
   4.9900000000000002       0.11311324987777525        0.0000000000000000     
